4294967294,0
4294967278,62
4294967278,61
4294967278,60
4294967278,59
4294967278,58
4294967278,57
4294967278,56
4294967278,55
4294967278,54
4294967278,53
4294967278,52
4294967278,51
4294967278,50
4294967279,87
4294967279,86
4294967294,401
4294967294,92
4294967294,88
4294967294,520
4294967294,61
4294967294,30
4294967294,97
4294967294,80
4294967294,17
4294967294,41
4294967294,1358
4294967294,426
4294967294,43
4294967294,417
4294967294,51
4294967294,52
4294967294,12
4294967294,470
4294967294,25
4294967294,956
4294967294,26
4294967294,1355
4294967294,67
4294967294,185
4294967294,182
4294967294,422
4294967294,81
4294967294,438
4294967294,176
4294967294,173
4294967294,170
4294967294,971
4294967294,967
4294967294,163
4294967294,190
4294967294,162
4294967294,968
4294967294,82
4294967294,1354
4294967294,83
4294967294,68
4294967294,11
4294967279,84
4294967279,83
4294967279,81
4294967279,80
4294967279,79
4294967279,77
4294967279,75
4294967279,74
4294967279,73
4294967279,72
4294967279,70
4294967279,69
4294967279,67
4294967279,66
4294967279,65
4294967279,63
4294967279,62
4294967279,60
4294967279,55
4294967279,52
4294967279,51
4294967279,50
4294967279,49
4294967279,48
4294967279,47
4294967279,42
4294967279,40
4294967279,37
4294967279,35
4294967279,34
4294967279,33
4294967279,32
4294967279,28
4294967279,27
4294967279,25
4294967279,24
4294967279,400
4294967279,21
4294967279,19
4294967279,18
4294967279,15
4294967279,13
4294967279,11
4294967279,10
4294967279,22
4294967279,134
4294967278,375
4294967278,132
4294967278,334
4294967278,131
4294967278,130
4294967278,129
4294967278,128
4294967278,330
4294967278,127
4294967278,255
4294967278,126
4294967278,125
4294967278,124
4294967278,123
4294967278,382
4294967278,122
4294967278,121
4294967278,120
4294967278,119
4294967278,245
4294967278,118
4294967278,243
4294967278,117
4294967278,241
4294967278,116
4294967278,239
4294967278,115
4294967278,381
4294967278,114
4294967278,380
4294967278,113
4294967278,235
4294967278,112
4294967278,233
4294967278,111
4294967278,231
4294967278,110
4294967278,229
4294967278,109
4294967278,108
4294967278,107
4294967278,106
4294967278,105
4294967278,104
4294967278,103
4294967278,215
4294967278,102
4294967278,379
4294967278,101
4294967278,100
4294967278,99
4294967278,98
4294967278,377
4294967278,97
4294967278,323
4294967278,96
4294967278,357
4294967278,95
4294967278,94
4294967278,93
4294967278,92
4294967278,91
4294967278,90
4294967278,89
4294967278,87
4294967278,86
4294967278,85
4294967278,84
4294967278,83
4294967278,82
4294967278,81
4294967278,80
4294967278,79
4294967278,78
4294967278,77
4294967278,76
4294967278,75
4294967278,74
4294967278,73
4294967278,72
4294967278,71
4294967278,70
4294967278,69
4294967278,68
4294967278,67
4294967278,66
4294967278,65
4294967278,64
4294967278,63
4294967279,89
4294967279,85
4294967279,82
4294967279,78
4294967279,76
4294967279,71
4294967279,68
4294967279,64
4294967279,61
4294967279,59
4294967279,58
4294967279,57
4294967279,56
4294967279,54
4294967279,53
4294967279,46
4294967279,45
4294967279,44
4294967279,43
4294967279,41
4294967279,39
4294967279,38
4294967279,36
4294967279,31
4294967279,30
4294967279,29
4294967279,26
4294967279,23
4294967279,20
4294967279,17
4294967279,16
4294967279,14
4294967279,292
4294967279,12
4294967279,9
4294967279,8
4294967279,395
4294967279,7
4294967279,6
4294967279,275
4294967279,5
4294967279,0
4294967279,260
4294967279,281
4294967279,4
0,5
4294967294,7
4294967294,6
4294967294,5
379,4
379,3
379,2
379,1
378,13
378,12
378,11
4294967278,499
378,10
378,9
4294967278,498
378,8
378,7
378,6
378,5
378,4
378,3
378,2
378,1
377,4
377,3
377,2
377,1
4294967294,430
4294967278,497
4294967278,253
4294967279,566
4294967278,496
373,4
373,3
373,2
373,1
372,13
372,12
372,11
4294967278,222
372,10
372,9
4294967278,220
372,8
372,7
372,6
372,5
372,4
372,3
372,2
372,1
371,4
371,3
371,2
371,1
370,4
370,3
370,2
370,1
4294967279,565
369,13
369,12
369,11
369,10
369,9
369,8
369,7
369,6
369,5
369,4
369,3
369,2
369,1
368,4
368,3
368,2
368,1
367,4
4294967279,564
367,3
367,2
367,1
366,13
366,12
366,11
366,10
366,9
4294967279,176
366,8
366,7
366,6
366,5
366,4
366,3
366,2
366,1
4294967279,563
365,4
365,3
365,2
365,1
364,4
364,3
364,2
364,1
363,13
363,12
363,11
363,10
363,9
363,8
363,7
363,6
363,5
363,4
363,3
363,2
363,1
362,4
362,3
362,2
362,1
361,4
361,3
361,2
361,1
360,13
360,12
360,11
4294967278,495
360,10
360,9
4294967278,494
360,8
360,7
360,6
360,5
360,4
360,3
360,2
360,1
4294967279,562
359,4
359,3
359,2
359,1
4294967278,493
358,4
358,3
358,2
358,1
357,13
357,12
357,11
357,10
357,9
357,8
357,7
357,6
357,5
357,4
357,3
357,2
357,1
356,4
356,3
356,2
356,1
355,4
4294967279,561
355,3
355,2
355,1
354,13
354,12
354,11
4294967278,234
354,10
354,9
4294967278,230
354,8
354,7
354,6
354,5
354,4
354,3
354,2
354,1
353,4
353,3
353,2
353,1
4294967279,560
352,4
352,3
352,2
352,1
351,13
351,12
351,11
351,10
351,9
4294967279,205
351,8
351,7
351,6
351,5
351,4
351,3
351,2
351,1
350,4
350,3
350,2
350,1
349,4
349,3
349,2
349,1
348,13
348,12
348,11
348,10
348,9
348,8
348,7
348,6
348,5
348,4
348,3
348,2
348,1
347,4
347,3
347,2
347,1
346,4
346,3
346,2
346,1
4294967279,559
345,13
345,12
345,11
4294967278,161
345,10
345,9
4294967278,159
345,8
345,7
345,6
345,5
345,4
345,3
345,2
345,1
344,4
344,3
344,2
344,1
4294967278,492
343,4
343,3
343,2
343,1
342,13
342,12
342,11
342,10
342,9
342,8
342,7
342,6
342,5
342,4
342,3
342,2
342,1
341,4
341,3
341,2
341,1
4294967278,491
340,4
4294967278,490
340,3
340,2
340,1
4294967278,489
339,13
339,12
